img1.pbm
Kolor : Rozmiary
    0 : 34 10 8 23 1 4 2 1 
    1 : 3 4 2 93 5 3 4 1 1 1 

img2.pbm
Kolor : Rozmiary
    0 : 8 5 2 
    1 : 1 4 2 2

img3.pgm
Kolor : Rozmiary
   18 : 1 6 
   79 : 1 
   87 : 5 
  138 : 5 
  199 : 3 
  255 : 3 

img4.pgm
Kolor : Rozmiary
    0 : 1 
    1 : 1 
    2 : 1 
    3 : 1 1 1 1 
    4 : 2 
    5 : 1 
    6 : 1 1 1 1 1 
    7 : 1 1 1 
    8 : 1 
   11 : 1 1 1 
   12 : 1 
   14 : 1 1 
   16 : 1 1 1 
   17 : 1 1 
   19 : 1 1 1 1 
   20 : 1 1 
   21 : 1 1 1 
   22 : 1 1 
   23 : 1 
   24 : 1 1 1 
   25 : 1 1 1 
   26 : 1 
   27 : 1 1 1 1 1 1 1 
   28 : 1 1 1 
   29 : 1 1 
   30 : 1 1 
   31 : 1 1 
   32 : 1 
   33 : 1 1 1 
   34 : 1 1 
   35 : 1 1 1 
   36 : 1 
   37 : 1 
   38 : 1 
   39 : 1 1 1 
   41 : 1 1 
   42 : 1 1 1 1 
   43 : 1 1 1 
   44 : 1 
   46 : 1 1 
   49 : 1 1 
   50 : 1 1 1 
   51 : 1 
   53 : 1 1 
   54 : 1 1 
   55 : 1 1 1 
   56 : 1 1 
   57 : 1 1 1 
   58 : 1 
   59 : 1 
   60 : 1 1 
   61 : 1 
   62 : 1 1 1 
   63 : 1 1 1 
   64 : 1 
   66 : 1 1 
   67 : 1 1 
   68 : 1 1 
   69 : 1 1 
   70 : 1 1 1 
   73 : 1 
   74 : 1 
   75 : 1 1 
   76 : 1 1 
   77 : 1 1 1 
   78 : 1 1 1 1 
   79 : 1 1 1 
   80 : 1 1 1 
   81 : 1 1 1 1 
   83 : 1 
   84 : 1 1 
   85 : 1 
   86 : 1 
   87 : 1 
   88 : 1 1 1 1 
   89 : 1 1 1 1 
   90 : 1 
   91 : 1 
   92 : 1 1 1 
   93 : 1 1 
   94 : 1 1 1 
   96 : 1 1 
   98 : 1 1 1 
   99 : 1 
  100 : 1 1 
  101 : 1 1 1 1 1 
  102 : 1 1 
  103 : 1 
  104 : 1 1 1 
  105 : 1 
  106 : 1 1 1 1 
  107 : 1 1 1 1 1 1 1 
  108 : 1 1 
  109 : 1 1 1 
  110 : 1 1 
  111 : 1 1 
  112 : 1 1 
  113 : 1 
  114 : 1 1 1 
  115 : 1 
  116 : 1 1 
  117 : 1 1 
  118 : 1 
  119 : 1 
  120 : 1 
  121 : 1 1 1 
  122 : 1 
  123 : 2 1 
  124 : 2 1 1 
  127 : 1 1 1 1 1 
  128 : 1 1 1 
  129 : 1 
  130 : 1 1 1 
  131 : 1 
  132 : 1 
  133 : 1 
  134 : 1 1 
  135 : 1 1 1 
  137 : 1 1 1 
  138 : 1 1 
  139 : 1 1 
  140 : 1 1 1 
  141 : 1 1 
  142 : 1 1 1 
  143 : 1 1 1 
  144 : 1 1 1 
  146 : 1 1 
  147 : 1 
  148 : 1 
  149 : 1 1 
  151 : 1 1 1 1 
  152 : 1 
  153 : 1 
  154 : 1 1 
  155 : 1 
  156 : 1 1 
  157 : 1 
  158 : 1 
  159 : 1 1 1 
  161 : 1 1 1 
  162 : 1 
  163 : 1 
  164 : 1 
  165 : 1 
  166 : 1 1 1 
  167 : 1 
  168 : 1 1 
  169 : 1 1 
  170 : 1 1 
  171 : 1 1 1 
  172 : 1 1 1 
  173 : 1 
  174 : 1 1 
  176 : 1 1 1 
  178 : 1 1 1 
  179 : 1 1 
  180 : 1 
  181 : 1 1 
  182 : 1 1 1 
  183 : 1 
  184 : 1 1 
  185 : 1 
  186 : 1 1 
  187 : 1 1 
  188 : 1 
  189 : 1 1 
  190 : 1 1 1 
  191 : 1 1 
  192 : 1 
  193 : 1 1 1 
  194 : 1 
  196 : 1 
  197 : 1 1 1 
  198 : 1 
  199 : 1 
  200 : 1 2 1 
  201 : 1 1 1 
  203 : 2 1 
  205 : 1 
  206 : 1 1 
  207 : 1 1 
  208 : 1 
  209 : 1 1 1 
  211 : 1 1 1 1 
  212 : 1 1 1 1 
  215 : 1 1 
  217 : 1 1 
  218 : 1 
  219 : 1 
  220 : 1 1 
  222 : 1 
  223 : 3 1 
  224 : 1 1 
  225 : 1 
  226 : 1 1 
  228 : 1 1 1 
  229 : 1 
  230 : 1 1 1 1 
  231 : 1 2 
  232 : 1 1 1 1 
  233 : 1 
  234 : 1 1 
  235 : 1 1 
  236 : 1 1 
  237 : 1 1 1 
  238 : 1 1 1 1 
  239 : 1 
  241 : 1 1 
  242 : 1 1 
  243 : 1 1 
  244 : 1 2 1 
  245 : 1 1 
  246 : 1 
  247 : 1 1 
  248 : 1 
  249 : 1 1 
  250 : 1 1 1 
  251 : 1 
  252 : 1 
  253 : 1 
  255 : 1 1